551 13
551 13
551 13
551 13
551 13
551 13
551 13
551 13
551 13
551 13
551 13
551 13
551 13
551 13
551 13
551 13
551 13
551 13
551 13
551 13
551 13
551 13
551 13
551 13
551 13
551 13
551 13
551 13
551 13
551 13
551 13
551 13
551 13
551 13
551 13
551 13
551 13
551 13
551 13
551 13
551 13
551 13
551 13
551 13
551 13
551 13
551 13
551 13
551 13
551 13
551 13
551 13
551 13
551 13
551 13
551 13
551 13
551 13
551 13
551 13
551 13
551 13
551 13
551 13
551 13
551 13
551 13
551 13
551 13
551 13
551 13
551 13
551 13
551 13
551 13
551 13
551 13
551 13
551 13
551 13
551 13
551 13
551 13
551 13
551 13
551 13
551 13
551 13
551 13
551 13
551 13
551 13
551 13
551 13
551 13
551 13
551 13
551 13
551 13
551 13
551 13
551 13
551 13
551 13
551 13
551 13
551 13
551 13
551 13
551 13
551 13
551 13
551 13
551 13
551 13
551 13
551 13
551 13
551 13
551 13
551 13
551 13
551 13
551 13
551 13
551 13
551 13
551 13
551 13
551 13
551 13
551 13
551 13
551 13
551 13
551 13
551 13
551 13
551 13
551 13
551 13
551 13
551 13
551 13
551 13
551 13
551 13
551 13
551 13
551 13
551 13
551 13
551 13
551 13
551 13
551 13
551 13
551 13
551 13
551 13
551 13
551 13
551 13
551 13
551 13
551 13
551 13
551 13
551 13
551 13
551 13
551 13
551 13
551 13
551 13
551 13
551 13
551 13
551 13
551 13
551 13
551 13
551 13
551 13
551 13
551 13
551 13
551 13
551 13
551 13
551 13
551 13
551 13
551 13
551 13
551 13
551 13
551 13
551 13
551 13
551 13
551 13
551 13
551 13
551 13
551 13
551 13
551 13
551 13
551 13
551 13
551 13
551 13
551 13
551 13
551 13
551 13
551 13
551 13
551 13
551 13
551 13
551 13
551 13
551 13
551 13
551 13
551 13
551 13
551 13
551 13
551 13
551 13
551 13
551 13
551 13
551 13
551 13
551 13
551 13
551 13
551 13
551 13
551 13
551 13
551 13
551 13
551 13
551 13
551 13
551 13
551 13
551 13
551 13
551 13
551 13
551 13
551 13
551 13
551 13
551 13
551 13
551 13
551 13
551 13
551 13
551 13
551 13
551 13
551 13
551 13
551 13
551 13
551 13
551 13
551 13
551 13
551 13
551 13
551 13
551 13
551 13
551 13
551 13
551 13
551 13
551 13
551 13
551 13
551 13
551 13
551 13
551 13
551 13
551 13
551 13
551 13
551 13
551 13
551 13
551 13
551 13
551 13
551 13
551 13
551 13
551 13
551 13
551 13
551 13
551 13
551 13
551 13
551 13
551 13
551 13
551 13
551 13
551 13
551 13
551 13
551 13
551 13
551 13
551 13
551 13
551 13
551 13
551 13
551 13
551 13
551 13
551 13
551 13
551 13
551 13
551 13
551 13
551 13
551 13
551 13
551 13
551 13
551 13
551 13
551 13
551 13
551 13
551 13
551 13
551 13
551 13
551 13
551 13
551 13
551 13
551 13
551 13
551 13
551 13
551 13
551 13
551 13
549 13
541 15
532 17
525 19
518 21
513 23
510 25
507 26
507 26
506 27
505 27
504 29
503 31
503 33
503 35
505 38
508 41
512 44
516 46
520 48
524 50
527 51
528 51
528 51
526 50
526 50
524 50
523 49
523 49
523 49
524 50
528 51
537 53
550 56
568 58
583 60
595 62
602 63
606 63
606 63
604 63
604 63
607 63
615 64
626 65
635 66
640 66
642 67
641 66
638 66
636 66
632 66
628 66
624 65
618 64
611 64
604 63
595 61
580 58
562 55
540 51
523 45
511 40
508 33
509 28
519 23
535 19
546 16
556 14
556 14
553 14
553 14
556 14
557 14
556 14
556 14
556 14
556 14
556 14
556 14
556 14
556 14
556 14
557 14
556 14
555 14
554 15
548 16
544 18
539 21
533 24
526 28
524 31
519 35
518 38
520 41
525 44
535 47
546 50
554 53
559 55
558 55
555 51
543 46
532 40
530 35
533 29
541 25
551 21
560 17
557 15
557 15
556 15
559 15
561 15
561 15
560 15
559 15
556 16
549 17
545 19
539 21
536 22
532 24
528 25
524 27
521 29
520 31
518 33
519 36
520 38
525 41
530 44
539 47
547 50
557 53
569 55
583 57
600 60
619 62
642 65
668 66
694 66
710 69
728 70
743 71
753 72
756 72
754 72
750 72
745 72
739 71
734 71
731 71
732 71
735 71
739 71
743 72
747 72
750 72
751 72
747 72
740 71
730 71
720 71
711 70
702 70
692 69
682 69
674 68
669 68
664 68
660 68
657 67
651 66
641 64
628 61
615 57
612 52
611 47
606 45
605 42
598 40
593 37
590 36
589 34
587 32
586 30
584 28
582 25
581 23
581 20
581 18
581 16
586 16
589 15
587 15
589 15
588 15
588 15
588 15
588 15
588 15
588 15
588 15
588 15
588 15
588 15
588 15
588 15
588 15
588 15
588 15
588 15
588 15
588 15
588 15
587 15
587 15
587 15
587 15
587 15
588 15
587 15
588 16
597 19
595 21
618 24
628 26
636 28
643 30
651 30
654 31
654 31
652 30
652 30
649 29
646 29
640 28
637 28
630 27
630 27
630 27
631 27
633 27
633 27
631 27
631 27
631 27
632 27
635 27
630 26
622 26
622 26
616 25
616 23
616 22
616 20
616 19
621 18
619 18
618 18
619 18
621 18
621 18
620 18
621 18
621 18
621 18
621 18
621 18
622 18
619 18
613 19
612 20
608 22
605 24
602 25
598 26
597 28
597 29
596 30
596 31
596 32
597 33
597 34
598 35
599 36
601 36
602 37
603 38
604 38
605 39
605 39
605 39
604 39
605 39
605 39
605 39
605 39
605 39
605 39
604 38
603 38
602 37
600 36
599 34
598 33
597 31
597 29
599 27
601 25
605 23
608 22
614 20
615 19
620 18
621 18
620 18
621 18
621 18
621 18
621 18
621 18
621 18
621 18
621 18
621 18
621 18
621 18
621 18
621 18
622 18
621 18
629 18
628 18
629 18
628 18
628 18
629 18
629 18
629 18
629 18
629 18
628 18
628 18
628 18
628 18
628 18
628 18
628 18
627 18
627 18
627 18
627 18
627 18
627 18
627 18
627 18
627 18
627 18
627 18
627 18
627 18
627 18
627 18
627 18
627 18
627 18
627 18
627 18
627 18
627 18
627 18
627 18
627 18
626 18
626 18
626 18
627 18
627 18
627 18
627 18
627 18
629 18
629 18
601 16
588 15
588 15
588 15
588 15
590 15
602 16
602 16
602 16
589 15
589 15
589 15
588 15
589 15
589 15
589 15
589 15
589 15
588 15
589 15
589 15
588 15
589 15
589 15
588 15
589 15
588 15
589 15
589 15
589 15
589 15
589 15
589 15
590 15
589 15
590 15
589 15
590 15
589 15
589 15
589 15
589 15
589 15
587 15
586 16
589 17
600 19
595 20
596 22
593 23
592 24
592 24
591 24
591 24
592 24
593 24
592 24
593 24
593 24
593 23
595 23
595 22
597 22
598 21
600 20
603 19
605 18
606 17
605 16
608 16
608 16
608 16
608 16
608 16
608 16
608 16
608 16
608 16
608 16
608 16
608 16
608 16
608 16
608 16
608 16
608 16
609 17
615 18
611 20
606 22
600 24
595 26
593 28
594 30
595 31
596 33
597 34
598 35
599 36
602 38
603 38
604 39
605 39
605 39
605 39
606 39
607 40
610 41
614 42
617 43
621 44
625 45
630 46
632 47
633 47
634 47
633 47
631 47
630 46
626 45
623 45
619 44
614 42
610 41
604 39
599 37
596 35
595 34
594 32
593 31
593 29
594 27
596 25
599 23
603 21
609 20
619 19
619 18
620 17
619 17
619 17
621 17
620 17
620 17
620 17
620 17
620 17
620 17
620 17
620 17
620 17
620 17
620 17
620 17
620 17
621 17
619 17
619 18
611 19
608 20
603 21
599 23
596 25
593 26
591 28
592 30
593 32
593 33
594 35
596 36
599 38
604 39
610 42
619 44
628 46
638 48
647 50
656 51
665 52
677 53
691 55
708 56
723 57
739 58
757 53
767 53
776 54
782 53
787 53
795 53
805 53
818 53
826 46
826 43
827 43
826 43
826 45
825 47
825 49
825 50
825 49
826 46
826 43
827 42
827 40
828 39
828 38
828 38
829 37
829 37
829 37
829 37
829 37
829 37
829 37
829 37
829 37
829 37
828 38
828 38
828 38
828 38
828 38
828 38
828 39
828 39
828 39
828 39
828 39
828 39
827 39
827 39
827 39
828 39
828 39
828 39
828 39
827 39
827 39
827 39
827 39
827 40
826 40
826 40
826 40
826 41
826 42
825 42
825 42
825 42
825 43
825 44
824 47
823 50
823 55
823 61
826 70
811 70
795 70
779 71
762 70
746 70
729 69
714 63
726 47
721 43
711 43
701 42
690 42
684 41
681 40
679 39
674 38
667 37
657 36
644 35
631 33
616 32
600 30
602 27
603 26
607 25
610 24
613 23
616 22
619 20
619 19
620 19
621 18
620 18
622 18
620 18
621 19
621 18
621 18
621 18
622 18
622 18
622 18
622 18
622 18
622 18
621 19
621 19
621 19
621 19
621 19
621 19
621 19
621 19
621 19
621 19
621 19
621 19
621 19
621 19
621 19
622 19
621 19
621 19
621 19
621 19
621 19
621 19
621 19
621 19
621 19
622 19
621 19
622 19
622 19
622 19
622 19
621 19
622 19
621 19
622 19
622 19
622 19
621 19
619 19
619 19
618 20
618 21
617 22
616 23
615 23
614 24
613 24
613 25
609 27
607 28
610 29
621 30
627 31
628 31
630 31
630 31
631 31
630 31
630 31
633 31
636 31
638 31
640 32
644 32
647 32
649 32
653 32
654 33
659 33
662 34
666 34
669 35
670 35
672 35
674 36
675 36
678 37
681 37
683 37
685 38
687 38
689 38
691 38
691 38
692 38
691 38
691 38
671 39
695 38
703 38
660 44
668 42
675 42
683 42
681 41
684 42
687 41
688 41
687 41
685 41
683 41
682 41
682 41
681 41
680 41
676 41
677 40
674 39
670 38
663 37
655 35
640 35
629 33
614 32
607 30
616 28
616 26
620 25
620 24
625 22
632 21
651 22
650 22
652 22
652 22
651 22
651 22
651 22
651 22
651 22
651 22
651 22
651 22
651 22
651 22
651 22
651 22
651 22
656 22
655 22
656 22
656 22
656 22
656 23
656 22
656 22
652 22
656 23
659 24
679 26
695 28
735 30
740 30
744 31
746 31
747 31
749 32
751 32
752 32
753 32
754 32
754 32
754 32
755 32
755 32
754 32
754 32
753 32
753 32
754 32
753 32
753 32
752 32
752 32
752 32
751 32
751 32
750 32
751 32
750 32
750 32
749 32
747 32
746 32
744 32
742 32
741 32
742 32
743 32
744 32
744 32
745 32
747 32
748 32
749 32
750 32
751 32
752 32
